3.860000000000000142e+01
1.619999999999999929e+01
2.450000000000000000e+01
2.689999999999999858e+01
5.620000000000000284e+01
8.209999999999999432e+01
3.279999999999999716e+01
2.050000000000000000e+01
3.229999999999999716e+01
2.889999999999999858e+01
3.650000000000000000e+01
2.350000000000000000e+01
3.600000000000000000e+01
5.229999999999999716e+01
7.629999999999999716e+01
6.150000000000000000e+01
5.020000000000000284e+01
4.800000000000000000e+01
5.150000000000000000e+01
4.429999999999999716e+01
6.650000000000000000e+01
6.850000000000000000e+01
8.779999999999999716e+01
8.650000000000000000e+01
7.979999999999999716e+01
6.590000000000000568e+01
7.420000000000000284e+01
5.479999999999999716e+01
6.120000000000000284e+01
5.889999999999999858e+01
5.639999999999999858e+01
4.639999999999999858e+01
5.410000000000000142e+01
5.410000000000000142e+01
4.650000000000000000e+01
5.939999999999999858e+01
6.339999999999999858e+01
8.370000000000000284e+01
7.300000000000000000e+01
8.950000000000000000e+01
8.979999999999999716e+01
5.829999999999999716e+01
6.020000000000000284e+01
7.809999999999999432e+01
5.960000000000000142e+01
4.560000000000000142e+01
4.300000000000000000e+01
5.389999999999999858e+01
7.570000000000000284e+01
4.439999999999999858e+01
5.439999999999999858e+01
5.120000000000000284e+01
6.050000000000000000e+01
4.720000000000000284e+01
9.090000000000000568e+01
1.140000000000000000e+02
8.150000000000000000e+01
1.840000000000000000e+02
3.460000000000000000e+02
2.910000000000000000e+02
2.250000000000000000e+02
2.160000000000000000e+02
1.900000000000000000e+02
1.980000000000000000e+02
2.780000000000000000e+02
4.370000000000000000e+02
4.100000000000000000e+02
3.040000000000000000e+02
2.690000000000000000e+02
2.640000000000000000e+02
2.070000000000000000e+02
2.110000000000000000e+02
2.070000000000000000e+02
1.990000000000000000e+02
1.510000000000000000e+02
1.450000000000000000e+02
8.879999999999999716e+01
8.420000000000000284e+01
7.159999999999999432e+01
6.110000000000000142e+01
9.170000000000000284e+01
7.100000000000000000e+01
5.520000000000000284e+01
8.079999999999999716e+01
7.059999999999999432e+01
7.929999999999999716e+01
3.560000000000000142e+01
5.060000000000000142e+01
5.170000000000000284e+01
5.920000000000000284e+01
5.279999999999999716e+01
5.529999999999999716e+01
7.120000000000000284e+01
5.550000000000000000e+01
4.489999999999999858e+01
6.800000000000000000e+01
7.040000000000000568e+01
7.109999999999999432e+01
1.310000000000000000e+02
2.490000000000000000e+02
1.700000000000000000e+02
1.440000000000000000e+02
1.420000000000000000e+02
1.570000000000000000e+02
1.480000000000000000e+02
1.600000000000000000e+02
2.150000000000000000e+02
2.960000000000000000e+02
2.770000000000000000e+02
2.620000000000000000e+02
2.380000000000000000e+02
1.720000000000000000e+02
1.270000000000000000e+02
1.590000000000000000e+02
1.670000000000000000e+02
2.930000000000000000e+02
2.340000000000000000e+02
3.080000000000000000e+02
2.780000000000000000e+02
2.470000000000000000e+02
1.900000000000000000e+02
1.940000000000000000e+02
3.890000000000000000e+02
3.120000000000000000e+02
2.400000000000000000e+02
2.090000000000000000e+02
2.210000000000000000e+02
2.040000000000000000e+02
1.430000000000000000e+02
1.720000000000000000e+02
2.970000000000000000e+02
3.170000000000000000e+02
2.710000000000000000e+02
2.900000000000000000e+02
2.550000000000000000e+02
2.300000000000000000e+02
2.370000000000000000e+02
2.430000000000000000e+02
2.500000000000000000e+02
2.600000000000000000e+02
2.350000000000000000e+02
1.930000000000000000e+02
1.750000000000000000e+02
1.580000000000000000e+02
1.040000000000000000e+02
1.120000000000000000e+02
1.260000000000000000e+02
1.920000000000000000e+02
1.500000000000000000e+02
1.480000000000000000e+02
1.410000000000000000e+02
1.570000000000000000e+02
1.770000000000000000e+02
1.690000000000000000e+02
1.190000000000000000e+02
8.909999999999999432e+01
1.090000000000000000e+02
1.120000000000000000e+02
1.050000000000000000e+02
8.409999999999999432e+01
1.110000000000000000e+02
1.700000000000000000e+02
1.610000000000000000e+02
1.490000000000000000e+02
1.100000000000000000e+02
9.109999999999999432e+01
1.240000000000000000e+02
1.430000000000000000e+02
1.560000000000000000e+02
1.300000000000000000e+02
1.210000000000000000e+02
1.350000000000000000e+02
1.620000000000000000e+02
3.420000000000000000e+02
4.490000000000000000e+02
7.250000000000000000e+02
5.040000000000000000e+02
3.850000000000000000e+02
3.260000000000000000e+02
2.640000000000000000e+02
2.450000000000000000e+02
2.220000000000000000e+02
1.690000000000000000e+02
1.510000000000000000e+02
1.360000000000000000e+02
1.400000000000000000e+02
1.420000000000000000e+02
1.270000000000000000e+02
1.560000000000000000e+02
1.410000000000000000e+02
1.380000000000000000e+02
9.200000000000000000e+01
8.709999999999999432e+01
7.809999999999999432e+01
7.370000000000000284e+01
7.450000000000000000e+01
9.850000000000000000e+01
1.050000000000000000e+02
1.320000000000000000e+02
9.850000000000000000e+01
1.120000000000000000e+02
9.729999999999999716e+01
1.060000000000000000e+02
1.040000000000000000e+02
1.120000000000000000e+02
1.380000000000000000e+02
1.190000000000000000e+02
1.320000000000000000e+02
1.020000000000000000e+02
1.030000000000000000e+02
1.250000000000000000e+02
1.170000000000000000e+02
1.180000000000000000e+02
6.379999999999999716e+01
6.110000000000000142e+01
1.000000000000000000e+02
3.190000000000000000e+02
2.990000000000000000e+02
2.520000000000000000e+02
2.030000000000000000e+02
1.810000000000000000e+02
1.520000000000000000e+02
1.580000000000000000e+02
1.460000000000000000e+02
1.260000000000000000e+02
1.260000000000000000e+02
8.200000000000000000e+01
1.040000000000000000e+02
6.389999999999999858e+01
6.940000000000000568e+01
7.409999999999999432e+01
9.779999999999999716e+01
1.430000000000000000e+02
1.680000000000000000e+02
1.550000000000000000e+02
1.460000000000000000e+02
1.360000000000000000e+02
9.820000000000000284e+01
6.170000000000000284e+01
7.209999999999999432e+01
3.900000000000000000e+01
6.690000000000000568e+01
6.740000000000000568e+01
6.479999999999999716e+01
5.370000000000000284e+01
5.839999999999999858e+01
1.030000000000000000e+02
1.010000000000000000e+02
7.490000000000000568e+01
6.360000000000000142e+01
7.490000000000000568e+01
5.200000000000000000e+01
6.220000000000000284e+01
7.070000000000000284e+01
1.130000000000000000e+02
1.270000000000000000e+02
1.030000000000000000e+02
9.379999999999999716e+01
7.379999999999999716e+01
4.150000000000000000e+01
4.439999999999999858e+01
4.629999999999999716e+01
4.870000000000000284e+01
4.789999999999999858e+01
5.520000000000000284e+01
5.770000000000000284e+01
5.820000000000000284e+01
1.120000000000000000e+02
6.490000000000000568e+01
4.889999999999999858e+01
3.950000000000000000e+01
2.300000000000000000e+01
2.080000000000000071e+01
2.369999999999999929e+01
1.290000000000000036e+01
2.750000000000000000e+01
3.210000000000000142e+01
4.670000000000000284e+01
4.120000000000000284e+01
5.170000000000000284e+01
5.420000000000000284e+01
5.539999999999999858e+01
2.880000000000000071e+01
2.300000000000000000e+01
2.269999999999999929e+01
1.619999999999999929e+01
1.419999999999999929e+01
2.019999999999999929e+01
2.400000000000000000e+01
2.510000000000000142e+01
2.200000000000000000e+01
2.539999999999999858e+01
2.080000000000000071e+01
2.919999999999999929e+01
5.050000000000000000e+01
2.569999999999999929e+01
5.650000000000000000e+01
5.439999999999999858e+01
4.789999999999999858e+01
5.800000000000000000e+01
5.029999999999999716e+01
4.260000000000000142e+01
6.150000000000000000e+01
1.720000000000000000e+02
4.089999999999999858e+01
6.650000000000000000e+01
4.720000000000000284e+01
3.660000000000000142e+01
2.819999999999999929e+01
2.039999999999999858e+01
1.519999999999999929e+01
2.550000000000000000e+01
5.020000000000000284e+01
5.029999999999999716e+01
5.460000000000000142e+01
8.029999999999999716e+01
5.829999999999999716e+01
6.279999999999999716e+01
5.470000000000000284e+01
4.579999999999999716e+01
5.529999999999999716e+01
5.510000000000000142e+01
4.950000000000000000e+01
4.200000000000000000e+01
1.450000000000000000e+01
2.519999999999999929e+01
5.429999999999999716e+01
4.439999999999999858e+01
3.739999999999999858e+01
1.040000000000000000e+02
7.290000000000000568e+01
1.350000000000000000e+02
2.600000000000000000e+02
2.490000000000000000e+02
3.220000000000000000e+02
3.380000000000000000e+02
2.590000000000000000e+02
2.110000000000000000e+02
2.020000000000000000e+02
1.240000000000000000e+02
1.640000000000000000e+02
1.110000000000000000e+02
8.409999999999999432e+01
7.859999999999999432e+01
6.909999999999999432e+01
9.020000000000000284e+01
9.290000000000000568e+01
7.770000000000000284e+01
8.620000000000000284e+01
9.070000000000000284e+01
6.189999999999999858e+01
7.690000000000000568e+01
7.479999999999999716e+01
6.690000000000000568e+01
5.700000000000000000e+01
5.660000000000000142e+01
5.639999999999999858e+01
5.179999999999999716e+01
5.089999999999999858e+01
4.950000000000000000e+01
6.110000000000000142e+01
8.370000000000000284e+01
1.080000000000000000e+02
1.360000000000000000e+02
8.720000000000000284e+01
6.229999999999999716e+01
5.910000000000000142e+00
8.339999999999999858e+00
3.379999999999999716e+01
3.150000000000000000e+01
4.370000000000000284e+01
4.700000000000000000e+01
3.670000000000000284e+01
4.200000000000000000e+01
1.660000000000000142e+01
1.610000000000000142e+01
1.019999999999999929e+01
1.319999999999999929e+01
1.769999999999999929e+01
1.830000000000000071e+01
7.079999999999999716e+01
6.210000000000000142e+01
8.350000000000000000e+01
5.020000000000000284e+01
4.710000000000000142e+01
6.239999999999999858e+01
2.960000000000000142e+01
2.310000000000000142e+01
9.970000000000000639e+00
1.180000000000000071e+01
1.159999999999999964e+01
2.539999999999999858e+01
1.939999999999999858e+01
2.010000000000000142e+01
5.339999999999999858e+01
5.720000000000000284e+01
1.739999999999999858e+01
2.769999999999999929e+01
3.460000000000000142e+01
3.629999999999999716e+01
4.120000000000000284e+01
5.789999999999999858e+01
9.370000000000000284e+01
9.290000000000000568e+01
7.290000000000000568e+01
7.720000000000000284e+01
7.250000000000000000e+01
4.510000000000000142e+01
1.369999999999999929e+01
8.849999999999999645e+00
1.150000000000000000e+01
4.250000000000000000e+01
6.490000000000000568e+01
9.390000000000000568e+01
7.950000000000000000e+01
6.800000000000000000e+01
3.050000000000000000e+01
1.750000000000000000e+01
1.530000000000000071e+01
3.060000000000000142e+01
4.070000000000000284e+01
5.500000000000000000e+01
4.550000000000000000e+01
6.679999999999999716e+01
8.079999999999999716e+01
6.800000000000000000e+01
7.070000000000000284e+01
8.850000000000000000e+01
4.510000000000000142e+01
3.520000000000000284e+01
4.339999999999999858e+01
4.079999999999999716e+01
3.900000000000000000e+01
4.160000000000000142e+01
4.300000000000000000e+01
3.950000000000000000e+01
4.779999999999999716e+01
2.830000000000000071e+01
1.810000000000000142e+01
1.839999999999999858e+01
1.009999999999999964e+01
1.850000000000000000e+01
4.200000000000000000e+01
1.590000000000000036e+01
6.679999999999999716e+01
8.000000000000000000e+01
5.270000000000000284e+01
4.779999999999999716e+01
6.470000000000000284e+01
5.110000000000000142e+01
9.970000000000000284e+01
1.940000000000000000e+02
1.760000000000000000e+02
1.060000000000000000e+02
1.400000000000000000e+02
1.340000000000000000e+02
1.320000000000000000e+02
1.230000000000000000e+02
1.410000000000000000e+02
1.990000000000000000e+02
2.690000000000000000e+02
1.920000000000000000e+02
6.139999999999999858e+01
1.230000000000000000e+02
1.210000000000000000e+02
1.600000000000000000e+02
1.780000000000000000e+02
1.470000000000000000e+02
1.220000000000000000e+02
1.150000000000000000e+02
7.879999999999999716e+01
6.950000000000000000e+01
8.240000000000000568e+01
6.820000000000000284e+01
9.629999999999999716e+01
1.310000000000000000e+02
9.740000000000000568e+01
1.080000000000000000e+02
1.170000000000000000e+02
1.410000000000000000e+02
2.000000000000000000e+02
2.230000000000000000e+02
2.650000000000000000e+02
1.870000000000000000e+02
1.790000000000000000e+02
2.520000000000000000e+02
2.230000000000000000e+02
1.740000000000000000e+02
2.070000000000000000e+02
3.960000000000000000e+02
3.350000000000000000e+02
2.750000000000000000e+02
2.460000000000000000e+02
2.300000000000000000e+02
2.510000000000000000e+02
3.800000000000000000e+02
3.340000000000000000e+02
2.620000000000000000e+02
2.530000000000000000e+02
2.290000000000000000e+02
2.770000000000000000e+02
8.660000000000000000e+02
3.870000000000000000e+02
3.100000000000000000e+02
8.150000000000000000e+02
9.040000000000000000e+02
1.050000000000000000e+03
6.610000000000000000e+02
4.340000000000000000e+02
3.610000000000000000e+02
3.960000000000000000e+02
4.240000000000000000e+02
3.760000000000000000e+02
2.840000000000000000e+02
2.670000000000000000e+02
2.620000000000000000e+02
2.610000000000000000e+02
2.480000000000000000e+02
2.380000000000000000e+02
2.320000000000000000e+02
2.700000000000000000e+02
3.850000000000000000e+02
3.120000000000000000e+02
3.110000000000000000e+02
2.820000000000000000e+02
3.460000000000000000e+02
4.070000000000000000e+02
3.960000000000000000e+02
3.620000000000000000e+02
2.990000000000000000e+02
2.860000000000000000e+02
2.990000000000000000e+02
2.850000000000000000e+02
2.440000000000000000e+02
2.300000000000000000e+02
2.200000000000000000e+02
2.350000000000000000e+02
2.200000000000000000e+02
2.500000000000000000e+02
2.310000000000000000e+02
2.890000000000000000e+02
2.500000000000000000e+02
2.550000000000000000e+02
2.240000000000000000e+02
1.840000000000000000e+02
1.610000000000000000e+02
1.260000000000000000e+02
1.360000000000000000e+02
1.030000000000000000e+02
1.320000000000000000e+02
1.090000000000000000e+02
1.240000000000000000e+02
1.020000000000000000e+02
9.040000000000000568e+01
1.040000000000000000e+02
1.090000000000000000e+02
1.020000000000000000e+02
1.150000000000000000e+02
1.700000000000000000e+02
1.900000000000000000e+02
4.610000000000000000e+02
3.430000000000000000e+02
3.150000000000000000e+02
3.590000000000000000e+02
2.900000000000000000e+02
2.570000000000000000e+02
3.170000000000000000e+02
2.770000000000000000e+02
2.620000000000000000e+02
2.270000000000000000e+02
2.050000000000000000e+02
2.110000000000000000e+02
2.040000000000000000e+02
1.850000000000000000e+02
1.780000000000000000e+02
1.530000000000000000e+02
1.330000000000000000e+02
1.060000000000000000e+02
1.040000000000000000e+02
1.390000000000000000e+02
1.120000000000000000e+02
9.800000000000000000e+01
8.259999999999999432e+01
8.729999999999999716e+01
8.700000000000000000e+01
6.970000000000000284e+01
6.829999999999999716e+01
1.630000000000000000e+02
1.560000000000000000e+02
1.350000000000000000e+02
1.660000000000000000e+02
1.690000000000000000e+02
1.250000000000000000e+02
1.760000000000000000e+02
2.890000000000000000e+02
2.010000000000000000e+02
1.690000000000000000e+02
2.880000000000000000e+02
2.800000000000000000e+02
2.380000000000000000e+02
1.590000000000000000e+02
1.350000000000000000e+02
1.490000000000000000e+02
1.410000000000000000e+02
1.100000000000000000e+02
1.050000000000000000e+02
1.640000000000000000e+02
2.670000000000000000e+02
2.310000000000000000e+02
2.050000000000000000e+02
1.850000000000000000e+02
1.670000000000000000e+02
1.450000000000000000e+02
1.260000000000000000e+02
1.110000000000000000e+02
9.779999999999999716e+01
8.109999999999999432e+01
6.400000000000000000e+01
6.509999999999999432e+01
6.570000000000000284e+01
6.189999999999999858e+01
1.560000000000000000e+02
1.370000000000000000e+02
1.330000000000000000e+02
1.150000000000000000e+02
9.990000000000000568e+01
4.600000000000000000e+01
6.720000000000000284e+01
1.090000000000000000e+02
1.560000000000000000e+02
1.700000000000000000e+02
2.110000000000000000e+02
9.240000000000000568e+01
9.850000000000000000e+01
8.970000000000000284e+01
7.529999999999999716e+01
4.620000000000000284e+01
4.720000000000000284e+01
5.650000000000000000e+01
6.089999999999999858e+01
7.090000000000000568e+01
7.270000000000000284e+01
6.529999999999999716e+01
7.190000000000000568e+01
8.370000000000000284e+01
9.859999999999999432e+01
9.850000000000000000e+01
9.040000000000000568e+01
9.070000000000000284e+01
7.920000000000000284e+01
7.279999999999999716e+01
6.640000000000000568e+01
7.190000000000000568e+01
7.100000000000000000e+01
7.329999999999999716e+01
5.739999999999999858e+01
5.939999999999999858e+01
4.700000000000000000e+01
5.600000000000000000e+01
7.870000000000000284e+01
8.629999999999999716e+01
4.589999999999999858e+01
3.389999999999999858e+01
2.400000000000000000e+01
4.289999999999999858e+01
3.200000000000000000e+01
5.600000000000000000e+01
4.000000000000000000e+01
5.400000000000000000e+01
5.160000000000000142e+01
6.100000000000000000e+01
7.440000000000000568e+01
8.079999999999999716e+01
6.509999999999999432e+01
3.629999999999999716e+01
3.639999999999999858e+01
2.880000000000000071e+01
3.889999999999999858e+01
2.800000000000000000e+01
3.660000000000000142e+01
3.689999999999999858e+01
4.120000000000000284e+01
4.570000000000000284e+01
5.239999999999999858e+01
5.500000000000000000e+01
3.870000000000000284e+01
3.180000000000000071e+01
2.350000000000000000e+01
7.870000000000000284e+01
7.000000000000000000e+01
7.240000000000000568e+01
5.929999999999999716e+01
3.439999999999999858e+01
3.279999999999999716e+01
3.600000000000000000e+01
3.910000000000000142e+01
3.080000000000000071e+01
1.980000000000000071e+01
1.739999999999999858e+01
1.350000000000000000e+01
1.030000000000000071e+01
4.889999999999999858e+01
6.139999999999999858e+01
3.970000000000000284e+01
6.089999999999999858e+01
5.939999999999999858e+01
9.839999999999999858e+00
2.169999999999999929e+01
2.700000000000000000e+01
1.540000000000000036e+01
1.669999999999999929e+01
9.990000000000000213e+00
9.070000000000000284e+01
1.300000000000000000e+02
2.100000000000000000e+02
2.970000000000000000e+02
2.930000000000000000e+02
2.890000000000000000e+02
1.990000000000000000e+02
3.710000000000000142e+01
7.329999999999999716e+01
6.300000000000000000e+01
7.429999999999999716e+01
5.429999999999999716e+01
7.429999999999999716e+01
1.020000000000000000e+02
9.220000000000000284e+01
3.510000000000000142e+01
3.420000000000000284e+01
3.670000000000000284e+01
3.069999999999999929e+01
4.289999999999999858e+01
2.880000000000000071e+01
3.460000000000000142e+01
2.960000000000000142e+01
2.650000000000000000e+01
2.300000000000000000e+01
1.600000000000000000e+01
3.579999999999999716e+01
3.970000000000000284e+01
3.870000000000000284e+01
2.600000000000000000e+01
1.730000000000000071e+01
1.050000000000000000e+01
3.180000000000000071e+01
2.980000000000000071e+01
4.610000000000000142e+01
3.589999999999999858e+01
4.200000000000000000e+01
5.450000000000000000e+01
5.129999999999999716e+01
5.420000000000000284e+01
5.100000000000000000e+01
3.739999999999999858e+01
5.860000000000000142e+01
4.800000000000000000e+01
3.180000000000000071e+01
2.110000000000000142e+01
2.919999999999999929e+01
2.650000000000000000e+01
2.330000000000000071e+01
2.060000000000000142e+01
1.960000000000000142e+01
1.419999999999999929e+01
1.939999999999999858e+01
2.150000000000000000e+01
2.830000000000000071e+01
7.629999999999999716e+01
6.629999999999999716e+01
7.190000000000000568e+01
1.370000000000000000e+02
1.280000000000000000e+02
7.490000000000000568e+01
9.250000000000000000e+01
3.639999999999999858e+01
6.010000000000000142e+01
6.429999999999999716e+01
5.529999999999999716e+01
4.900000000000000000e+01
2.839999999999999858e+01
4.060000000000000142e+01
3.089999999999999858e+01
1.290000000000000036e+01
1.150000000000000000e+01
1.550000000000000000e+01
2.930000000000000071e+01
2.900000000000000000e+01
7.590000000000000568e+01
7.440000000000000568e+01
4.660000000000000142e+01
6.500000000000000000e+01
6.300000000000000000e+01
3.910000000000000142e+01
5.029999999999999716e+01
3.489999999999999858e+01
3.600000000000000000e+01
4.760000000000000142e+01
5.070000000000000284e+01
6.189999999999999858e+01
6.859999999999999432e+01
1.480000000000000000e+02
1.520000000000000000e+02
1.460000000000000000e+02
9.550000000000000000e+01
8.620000000000000284e+01
7.750000000000000000e+01
1.030000000000000000e+02
9.150000000000000000e+01
1.000000000000000000e+02
1.060000000000000000e+02
9.700000000000000000e+01
8.850000000000000000e+01
8.200000000000000000e+01
8.009999999999999432e+01
4.400000000000000000e+01
3.110000000000000142e+01
2.850000000000000000e+01
4.350000000000000000e+01
6.459999999999999432e+01
1.540000000000000000e+02
1.730000000000000000e+02
1.620000000000000000e+02
1.290000000000000000e+02
1.700000000000000000e+02
1.080000000000000000e+02
3.039999999999999858e+01
6.659999999999999432e+01
7.579999999999999716e+01
6.720000000000000284e+01
8.620000000000000284e+01
6.400000000000000000e+01
4.350000000000000000e+01
3.000000000000000000e+01
2.819999999999999929e+01
2.300000000000000000e+01
1.980000000000000071e+01
1.409999999999999964e+01
2.210000000000000142e+01
3.250000000000000000e+01
3.130000000000000071e+01
7.470000000000000284e+01
5.410000000000000142e+01
4.370000000000000284e+01
7.170000000000000284e+01
6.650000000000000000e+01
5.700000000000000000e+01
9.670000000000000284e+01
9.190000000000000568e+01
8.429999999999999716e+01
7.309999999999999432e+01
9.740000000000000568e+01
4.300000000000000000e+01
4.300000000000000000e+01
1.889999999999999858e+01
3.729999999999999716e+01
1.720000000000000000e+02
2.060000000000000000e+02
2.230000000000000000e+02
2.730000000000000000e+02
2.310000000000000000e+02
1.600000000000000000e+02
1.820000000000000000e+02
1.700000000000000000e+02
1.870000000000000000e+02
1.840000000000000000e+02
4.080000000000000000e+02
4.330000000000000000e+02
2.800000000000000000e+02
3.130000000000000000e+02
3.330000000000000000e+02
3.250000000000000000e+02
3.240000000000000000e+02
1.870000000000000000e+03
6.680000000000000000e+02
4.080000000000000000e+02
3.010000000000000000e+02
5.420000000000000000e+02
3.330000000000000000e+02
3.560000000000000000e+02
2.890000000000000000e+02
3.250000000000000000e+02
2.540000000000000000e+02
2.260000000000000000e+02
2.120000000000000000e+02
2.440000000000000000e+02
2.320000000000000000e+02
3.190000000000000000e+02
2.840000000000000000e+02
3.520000000000000000e+02
3.060000000000000000e+02
2.390000000000000000e+02
2.140000000000000000e+02
2.340000000000000000e+02
2.170000000000000000e+02
1.860000000000000000e+02
1.590000000000000000e+02
1.530000000000000000e+02
1.530000000000000000e+02
1.520000000000000000e+02
1.720000000000000000e+02
1.830000000000000000e+02
1.620000000000000000e+02
1.810000000000000000e+02
1.850000000000000000e+02
3.140000000000000000e+02
3.220000000000000000e+02
3.010000000000000000e+02
2.780000000000000000e+02
2.170000000000000000e+02
1.820000000000000000e+02
1.930000000000000000e+02
1.660000000000000000e+02
1.800000000000000000e+02
1.890000000000000000e+02
1.620000000000000000e+02
1.640000000000000000e+02
1.420000000000000000e+02
1.970000000000000000e+02
2.190000000000000000e+02
1.790000000000000000e+02
1.240000000000000000e+02
1.020000000000000000e+02
1.010000000000000000e+02
9.579999999999999716e+01
1.120000000000000000e+02
1.340000000000000000e+02
1.470000000000000000e+02
1.160000000000000000e+02
8.520000000000000284e+01
8.359999999999999432e+01
1.060000000000000000e+02
1.020000000000000000e+02
7.729999999999999716e+01
7.890000000000000568e+01
4.750000000000000000e+01
2.270000000000000000e+02
1.700000000000000000e+02
1.180000000000000000e+02
1.350000000000000000e+02
1.220000000000000000e+02
8.690000000000000568e+01
9.609999999999999432e+01
7.509999999999999432e+01
7.459999999999999432e+01
4.000000000000000000e+01
6.289999999999999858e+01
6.479999999999999716e+01
7.759999999999999432e+01
7.770000000000000284e+01
6.690000000000000568e+01
8.109999999999999432e+01
7.409999999999999432e+01
7.700000000000000000e+01
8.879999999999999716e+01
1.000000000000000000e+02
2.130000000000000000e+02
1.400000000000000000e+02
1.350000000000000000e+02
6.440000000000000568e+01
8.500000000000000000e+01
5.979999999999999716e+01
1.480000000000000000e+02
3.220000000000000000e+02
2.510000000000000000e+02
2.020000000000000000e+02
1.780000000000000000e+02
6.229999999999999716e+01
8.459999999999999432e+01
7.229999999999999716e+01
8.129999999999999716e+01
7.979999999999999716e+01
7.829999999999999716e+01
8.240000000000000568e+01
6.339999999999999858e+01
6.629999999999999716e+01
8.409999999999999432e+01
7.109999999999999432e+01
6.050000000000000000e+01
5.350000000000000000e+01
5.410000000000000142e+01
4.029999999999999716e+01
4.539999999999999858e+01
2.430000000000000071e+01
7.750000000000000000e+01
7.359999999999999432e+01
5.650000000000000000e+01
8.300000000000000000e+01
6.100000000000000000e+01
4.589999999999999858e+01
4.610000000000000142e+01
6.720000000000000284e+01
8.340000000000000568e+01
5.850000000000000000e+01
6.220000000000000284e+01
6.750000000000000000e+01
4.520000000000000284e+01
7.660000000000000142e+00
3.489999999999999858e+01
9.009999999999999787e+00
3.689999999999999858e+01
2.389999999999999858e+01
2.469999999999999929e+01
2.719999999999999929e+01
2.769999999999999929e+01
2.489999999999999858e+01
2.739999999999999858e+01
2.350000000000000000e+01
2.639999999999999858e+01
1.639999999999999858e+01
2.689999999999999858e+01
2.480000000000000071e+01
3.600000000000000000e+01
6.650000000000000000e+01
4.920000000000000284e+01
3.210000000000000142e+01
1.860000000000000142e+01
1.150000000000000000e+01
2.010000000000000142e+01
7.940000000000000391e+00
1.369999999999999929e+01
2.260000000000000142e+01
2.080000000000000071e+01
1.800000000000000000e+01
1.469999999999999929e+01
4.550000000000000000e+01
4.610000000000000142e+01
6.729999999999999716e+01
5.260000000000000142e+01
5.120000000000000284e+01
3.160000000000000142e+01
4.329999999999999716e+01
5.039999999999999858e+01
4.520000000000000284e+01
2.850000000000000000e+01
1.839999999999999858e+01
2.669999999999999929e+01
1.630000000000000071e+01
2.400000000000000000e+01
1.880000000000000071e+01
1.159999999999999964e+01
1.459999999999999964e+01
4.400000000000000000e+01
7.079999999999999716e+01
6.859999999999999432e+01
1.140000000000000000e+02
6.800000000000000000e+01
6.400000000000000000e+01
7.120000000000000284e+01
3.860000000000000142e+01
7.429999999999999716e+01
4.460000000000000142e+01
4.510000000000000142e+01
4.429999999999999716e+01
3.979999999999999982e+00
6.339999999999999858e+00
5.089999999999999858e+01
6.459999999999999432e+01
5.179999999999999716e+01
4.570000000000000284e+01
3.850000000000000000e+01
6.179999999999999716e+00
6.629999999999999893e+00
6.980000000000000426e+00
4.599999999999999645e+00
4.350000000000000000e+01
3.169999999999999929e+01
6.010000000000000142e+01
5.379999999999999716e+01
5.510000000000000142e+01
4.629999999999999716e+01
3.410000000000000142e+01
2.660000000000000142e+01
2.069999999999999929e+01
1.019999999999999929e+01
9.160000000000000142e+00
1.739999999999999858e+01
2.319999999999999929e+01
1.380000000000000071e+01
1.769999999999999929e+01
1.259999999999999964e+01
5.379999999999999716e+01
5.100000000000000000e+01
5.350000000000000000e+01
6.690000000000000568e+01
6.879999999999999716e+01
5.710000000000000142e+01
2.210000000000000142e+01
1.939999999999999858e+01
1.919999999999999929e+01
1.860000000000000142e+01
2.239999999999999858e+01
1.780000000000000071e+01
2.219999999999999929e+01
2.110000000000000142e+01
1.700000000000000000e+01
1.880000000000000071e+01
1.610000000000000142e+01
1.209999999999999964e+01
7.070000000000000284e+00
2.130000000000000071e+01
3.370000000000000284e+01
3.650000000000000000e+01
2.550000000000000000e+01
1.130000000000000071e+01
1.209999999999999964e+01
6.719999999999999751e+00
4.839999999999999858e+01
6.470000000000000284e+01
1.000000000000000000e+02
1.100000000000000000e+02
1.390000000000000036e+01
4.510000000000000142e+01
1.950000000000000000e+01
1.789999999999999858e+01
3.610000000000000142e+01
1.219999999999999929e+01
1.319999999999999929e+01
9.119999999999999218e+00
5.700000000000000000e+01
4.610000000000000142e+01
5.289999999999999858e+01
4.060000000000000142e+01
1.209999999999999964e+01
1.550000000000000000e+01
1.950000000000000000e+01
2.030000000000000071e+01
6.659999999999999432e+01
6.779999999999999716e+01
4.279999999999999716e+01
8.740000000000000213e+00
9.230000000000000426e+00
2.019999999999999929e+01
8.630000000000000782e+00
2.830000000000000071e+01
2.069999999999999929e+01
6.000000000000000000e+01
4.550000000000000000e+01
4.110000000000000142e+01
5.479999999999999716e+01
4.900000000000000000e+01
4.960000000000000142e+01
4.720000000000000284e+01
2.200000000000000000e+01
2.339999999999999858e+01
1.980000000000000071e+01
2.550000000000000000e+01
2.230000000000000071e+01
2.939999999999999858e+01
3.260000000000000142e+01
4.329999999999999716e+01
4.489999999999999858e+01
5.379999999999999716e+01
1.760000000000000142e+01
4.239999999999999858e+01
3.829999999999999716e+01
1.889999999999999858e+01
1.700000000000000000e+01
4.779999999999999716e+01
6.929999999999999716e+01
5.700000000000000000e+01
8.320000000000000284e+01
7.620000000000000284e+01
6.110000000000000142e+01
5.179999999999999716e+01
3.189999999999999858e+01
2.450000000000000000e+01
4.579999999999999716e+01
3.189999999999999858e+01
3.620000000000000284e+01
1.660000000000000142e+01
1.009999999999999964e+01
4.079999999999999716e+01
1.980000000000000071e+01
1.710000000000000142e+01
1.280000000000000071e+01
1.069999999999999929e+01
1.000000000000000000e+01
3.910000000000000142e+01
5.500000000000000000e+01
5.370000000000000284e+01
6.010000000000000142e+01
5.710000000000000142e+01
5.220000000000000284e+01
4.779999999999999716e+01
5.339999999999999858e+01
5.120000000000000284e+01
6.189999999999999858e+01
5.729999999999999716e+01
5.489999999999999858e+01
4.729999999999999716e+01
4.810000000000000142e+01
3.970000000000000284e+01
4.189999999999999858e+01
4.510000000000000142e+01
4.160000000000000142e+01
3.350000000000000000e+01
4.739999999999999858e+01
5.929999999999999716e+00
2.119999999999999929e+01
2.219999999999999929e+01
1.800000000000000000e+01
9.070000000000000284e+00
4.200000000000000178e+00
4.809999999999999609e+00
7.049999999999999822e+00
1.470000000000000000e+02
9.250000000000000000e+01
6.920000000000000284e+01
6.139999999999999858e+01
3.939999999999999858e+01
4.520000000000000284e+01
4.100000000000000000e+01
6.089999999999999858e+01
5.410000000000000142e+01
6.050000000000000000e+01
8.559999999999999432e+01
1.640000000000000000e+02
1.300000000000000000e+02
1.150000000000000000e+02
1.740000000000000000e+02
2.230000000000000000e+02
2.530000000000000000e+02
2.440000000000000000e+02
1.860000000000000000e+02
3.900000000000000000e+02
3.020000000000000000e+02
2.670000000000000000e+02
2.330000000000000000e+02
1.830000000000000000e+02
1.550000000000000000e+02
1.430000000000000000e+02
1.640000000000000000e+02
1.280000000000000000e+02
1.600000000000000000e+02
2.740000000000000000e+02
4.190000000000000000e+02
3.270000000000000000e+02
2.230000000000000000e+02
3.480000000000000000e+02
3.020000000000000000e+02
3.300000000000000000e+02
9.650000000000000000e+02
5.500000000000000000e+02
3.230000000000000000e+02
3.020000000000000000e+02
3.670000000000000000e+02
3.230000000000000000e+02
3.980000000000000000e+02
3.240000000000000000e+02
2.540000000000000000e+02
2.480000000000000000e+02
2.160000000000000000e+02
2.210000000000000000e+02
1.960000000000000000e+02
1.870000000000000000e+02
1.730000000000000000e+02
1.490000000000000000e+02
1.660000000000000000e+02
4.360000000000000000e+02
3.350000000000000000e+02
2.720000000000000000e+02
2.420000000000000000e+02
1.920000000000000000e+02
1.630000000000000000e+02
1.130000000000000000e+02
9.550000000000000000e+01
1.070000000000000000e+02
9.840000000000000568e+01
1.400000000000000000e+02
1.280000000000000000e+02
1.330000000000000000e+02
1.530000000000000000e+02
1.160000000000000000e+02
8.370000000000000284e+01
8.409999999999999432e+01
8.520000000000000284e+01
8.009999999999999432e+01
7.720000000000000284e+01
7.740000000000000568e+01
8.009999999999999432e+01
1.030000000000000000e+02
1.730000000000000000e+02
1.240000000000000000e+02
1.600000000000000000e+02
1.490000000000000000e+02
1.050000000000000000e+02
3.620000000000000284e+01
5.320000000000000284e+01
4.270000000000000284e+01
4.370000000000000284e+01
3.989999999999999858e+01
3.080000000000000071e+01
7.229999999999999716e+01
4.229999999999999716e+01
9.909999999999999432e+01
8.740000000000000568e+01
1.090000000000000000e+02
4.330000000000000000e+02
2.780000000000000000e+02
4.000000000000000000e+02
5.120000000000000000e+02
3.960000000000000000e+02
2.590000000000000000e+02
3.050000000000000000e+02
2.560000000000000000e+02
2.050000000000000000e+02
1.920000000000000000e+02
1.260000000000000000e+02
8.590000000000000568e+01
5.550000000000000000e+01
5.839999999999999858e+01
1.090000000000000000e+02
9.550000000000000000e+01
1.240000000000000000e+02
1.530000000000000000e+02
1.670000000000000000e+02
1.350000000000000000e+02
9.879999999999999716e+01
1.100000000000000000e+02
1.120000000000000000e+02
1.640000000000000000e+02
2.650000000000000000e+02
1.960000000000000000e+02
2.130000000000000000e+02
1.620000000000000000e+02
1.560000000000000000e+02
1.670000000000000000e+02
1.720000000000000000e+02
1.880000000000000000e+02
1.630000000000000000e+02
1.020000000000000000e+02
9.350000000000000000e+01
7.479999999999999716e+01
1.010000000000000000e+02
8.759999999999999432e+01
1.380000000000000000e+02
1.790000000000000000e+02
6.600000000000000000e+01
1.740000000000000000e+02
2.580000000000000000e+02
2.490000000000000000e+02
2.750000000000000000e+02
1.810000000000000000e+02
1.430000000000000000e+02
1.500000000000000000e+02
1.300000000000000000e+02
1.970000000000000000e+02
4.289999999999999858e+01
3.139999999999999858e+01
9.550000000000000000e+01
1.350000000000000000e+02
8.829999999999999716e+01
8.659999999999999432e+01
6.409999999999999432e+01
8.779999999999999716e+01
6.100000000000000000e+01
8.120000000000000284e+01
1.180000000000000000e+02
3.680000000000000000e+02
2.070000000000000000e+02
2.280000000000000000e+02
1.580000000000000000e+02
1.390000000000000000e+02
1.000000000000000000e+02
6.700000000000000000e+01
1.220000000000000000e+02
1.200000000000000000e+02
2.080000000000000000e+02
1.140000000000000000e+02
1.290000000000000000e+02
1.280000000000000000e+02
1.960000000000000000e+02
2.080000000000000000e+02
1.600000000000000000e+02
4.950000000000000000e+01
1.010000000000000000e+02
1.280000000000000000e+02
1.190000000000000000e+02
1.050000000000000000e+02
1.060000000000000000e+02
8.190000000000000568e+01
6.859999999999999432e+01
3.989999999999999858e+01
3.870000000000000284e+01
1.420000000000000000e+02
1.040000000000000000e+02
7.200000000000000000e+01
3.479999999999999716e+01
2.189999999999999858e+01
2.000000000000000000e+01
3.560000000000000142e+01
4.889999999999999858e+01
5.920000000000000284e+01
6.490000000000000568e+01
6.679999999999999716e+01
9.040000000000000568e+01
7.540000000000000568e+01
8.059999999999999432e+01
5.900000000000000000e+01
3.329999999999999716e+01
5.750000000000000000e+01
6.429999999999999716e+01
7.759999999999999432e+01
7.059999999999999432e+01
6.800000000000000000e+01
6.700000000000000000e+01
4.960000000000000142e+01
5.620000000000000284e+01
8.209999999999999432e+01
1.040000000000000000e+02
1.090000000000000000e+02
9.300000000000000000e+01
1.050000000000000000e+02
5.529999999999999716e+01
4.339999999999999858e+01
4.560000000000000142e+01
2.650000000000000000e+01
1.739999999999999858e+01
9.990000000000000213e+00
7.800000000000000000e+01
5.229999999999999716e+01
7.270000000000000284e+01
8.350000000000000000e+01
8.279999999999999716e+01
6.609999999999999432e+01
5.560000000000000142e+01
6.540000000000000568e+01
4.920000000000000284e+01
3.989999999999999858e+01
2.989999999999999858e+01
7.100000000000000000e+01
4.210000000000000142e+01
4.239999999999999858e+01
3.239999999999999858e+01
1.130000000000000000e+02
9.029999999999999716e+01
7.490000000000000568e+01
9.559999999999999432e+01
5.040000000000000000e+02
4.050000000000000000e+02
2.580000000000000000e+02
1.730000000000000000e+02
1.780000000000000000e+02
1.670000000000000000e+02
1.560000000000000000e+02
1.260000000000000000e+02
1.200000000000000000e+02
1.200000000000000000e+02
1.200000000000000000e+02
8.479999999999999716e+01
7.659999999999999432e+01
5.639999999999999858e+01
7.629999999999999716e+01
5.200000000000000000e+01
7.890000000000000568e+01
1.260000000000000000e+02
8.850000000000000000e+01
1.160000000000000000e+02
8.129999999999999716e+01
7.270000000000000284e+01
1.210000000000000000e+02
9.659999999999999432e+01
7.909999999999999432e+01
5.710000000000000142e+01
2.460000000000000142e+01
2.670000000000000000e+02
1.690000000000000000e+02
1.790000000000000000e+02
1.290000000000000000e+02
6.529999999999999716e+01
7.859999999999999432e+01
4.810000000000000142e+01
1.120000000000000000e+02
8.750000000000000000e+01
3.900000000000000000e+01
3.979999999999999716e+01
1.490000000000000000e+02
9.829999999999999716e+01
9.100000000000000000e+01
1.440000000000000000e+02
1.660000000000000000e+02
2.110000000000000000e+02
2.620000000000000000e+02
2.550000000000000000e+02
2.100000000000000000e+02
1.840000000000000000e+02
1.840000000000000000e+02
4.450000000000000000e+02
1.460000000000000000e+03
1.070000000000000000e+03
4.310000000000000000e+02
3.980000000000000000e+02
4.260000000000000000e+02
3.390000000000000000e+02
2.900000000000000000e+02
2.460000000000000000e+02
2.040000000000000000e+02
1.840000000000000000e+02
1.730000000000000000e+02
1.490000000000000000e+02
1.470000000000000000e+02
1.600000000000000000e+02
1.660000000000000000e+02
1.790000000000000000e+02
1.900000000000000000e+02
1.480000000000000000e+02
1.580000000000000000e+02
1.160000000000000000e+02
1.330000000000000000e+02
1.400000000000000000e+02
1.480000000000000000e+02
1.520000000000000000e+02
1.370000000000000000e+02
1.340000000000000000e+02
1.310000000000000000e+02
1.060000000000000000e+02
7.109999999999999432e+01
5.300000000000000000e+01
8.300000000000000000e+01
6.220000000000000284e+01
8.540000000000000568e+01
4.120000000000000284e+01
6.700000000000000000e+01
8.000000000000000000e+01
7.479999999999999716e+01
8.220000000000000284e+01
9.640000000000000568e+01
1.040000000000000000e+02
1.110000000000000000e+02
1.850000000000000000e+02
1.860000000000000000e+02
1.390000000000000000e+02
1.510000000000000000e+02
2.560000000000000000e+02
1.540000000000000000e+02
1.570000000000000000e+02
1.750000000000000000e+02
2.410000000000000000e+02
3.430000000000000000e+02
4.480000000000000000e+02
2.000000000000000000e+03
1.130000000000000000e+03
9.660000000000000000e+02
1.390000000000000000e+03
5.920000000000000000e+02
4.650000000000000000e+02
3.670000000000000000e+02
3.070000000000000000e+02
2.810000000000000000e+02
2.790000000000000000e+02
3.080000000000000000e+02
2.600000000000000000e+02
2.490000000000000000e+02
2.360000000000000000e+02
2.760000000000000000e+02
2.890000000000000000e+02
2.610000000000000000e+02
2.380000000000000000e+02
2.230000000000000000e+02
2.650000000000000000e+02
2.810000000000000000e+02
4.700000000000000000e+02
3.250000000000000000e+02
3.880000000000000000e+02
7.400000000000000000e+02
4.480000000000000000e+02
7.740000000000000000e+02
5.590000000000000000e+02
1.320000000000000000e+03
1.130000000000000000e+03
5.540000000000000000e+02
5.150000000000000000e+02
4.080000000000000000e+02
3.830000000000000000e+02
3.540000000000000000e+02
5.320000000000000000e+02
5.080000000000000000e+02
7.480000000000000000e+02
5.920000000000000000e+02
3.840000000000000000e+02
3.110000000000000000e+02
1.680000000000000000e+03
8.800000000000000000e+02
5.380000000000000000e+02
5.110000000000000000e+02
4.180000000000000000e+02
3.850000000000000000e+02
3.890000000000000000e+02
3.420000000000000000e+02
3.390000000000000000e+02
3.160000000000000000e+02
4.170000000000000000e+02
3.100000000000000000e+02
2.940000000000000000e+02
2.730000000000000000e+02
2.730000000000000000e+02
2.810000000000000000e+02
2.360000000000000000e+02
2.380000000000000000e+02
2.690000000000000000e+02
2.330000000000000000e+02
3.360000000000000000e+02
9.670000000000000000e+02
4.480000000000000000e+02
3.390000000000000000e+02
2.700000000000000000e+02
3.070000000000000000e+02
2.580000000000000000e+02
2.840000000000000000e+02
2.850000000000000000e+02
3.000000000000000000e+02
2.860000000000000000e+02
2.760000000000000000e+02
2.350000000000000000e+02
2.000000000000000000e+02
2.690000000000000000e+02
3.310000000000000000e+02
3.610000000000000000e+02
2.280000000000000000e+02
2.460000000000000000e+02
2.570000000000000000e+02
2.510000000000000000e+02
2.960000000000000000e+02
2.590000000000000000e+02
3.480000000000000000e+02
3.370000000000000000e+02
3.850000000000000000e+02
4.130000000000000000e+02
5.360000000000000000e+02
5.870000000000000000e+02
4.170000000000000000e+02
3.030000000000000000e+02
2.690000000000000000e+02
2.390000000000000000e+02
2.340000000000000000e+02
2.480000000000000000e+02
2.370000000000000000e+02
2.030000000000000000e+02
2.360000000000000000e+02
2.050000000000000000e+02
1.780000000000000000e+02
2.140000000000000000e+02
1.710000000000000000e+02
1.700000000000000000e+02
1.850000000000000000e+02
1.280000000000000000e+02
1.780000000000000000e+02
1.610000000000000000e+02
1.660000000000000000e+02
1.660000000000000000e+02
1.530000000000000000e+02
2.000000000000000000e+02
3.220000000000000000e+02
4.640000000000000000e+02
4.290000000000000000e+02
3.590000000000000000e+02
3.410000000000000000e+02
2.890000000000000000e+02
2.360000000000000000e+02
2.260000000000000000e+02
2.240000000000000000e+02
2.430000000000000000e+02
2.260000000000000000e+02
2.110000000000000000e+02
1.820000000000000000e+02
1.500000000000000000e+02
1.330000000000000000e+02
7.329999999999999716e+01
9.620000000000000284e+01
1.160000000000000000e+02
1.510000000000000000e+02
1.010000000000000000e+02
1.220000000000000000e+02
1.790000000000000000e+02
1.710000000000000000e+02
1.780000000000000000e+02
1.260000000000000000e+02
1.250000000000000000e+02
8.379999999999999716e+01
1.020000000000000000e+02
1.340000000000000000e+02
1.320000000000000000e+02
1.470000000000000000e+02
1.530000000000000000e+02
2.930000000000000000e+02
3.310000000000000000e+02
2.690000000000000000e+02
1.680000000000000000e+02
1.580000000000000000e+02
1.570000000000000000e+02
1.420000000000000000e+02
1.440000000000000000e+02
1.420000000000000000e+02
1.640000000000000000e+02
1.590000000000000000e+02
1.320000000000000000e+02
1.260000000000000000e+02
1.500000000000000000e+02
1.490000000000000000e+02
2.460000000000000000e+02
5.410000000000000000e+02
3.090000000000000000e+02
3.110000000000000000e+02
2.090000000000000000e+02
1.770000000000000000e+02
2.000000000000000000e+02
2.980000000000000000e+02
3.700000000000000000e+02
3.580000000000000000e+02
2.720000000000000000e+02
2.800000000000000000e+02
2.480000000000000000e+02
2.410000000000000000e+02
2.240000000000000000e+02
2.910000000000000000e+02
2.350000000000000000e+02
2.380000000000000000e+02
2.110000000000000000e+02
2.000000000000000000e+02
1.200000000000000000e+02
1.000000000000000000e+02
7.009999999999999432e+01
4.220000000000000284e+01
6.720000000000000284e+01
1.050000000000000000e+02
7.440000000000000568e+01
1.110000000000000000e+02
8.950000000000000000e+01
1.250000000000000000e+02
1.420000000000000000e+02
1.830000000000000000e+02
2.150000000000000000e+02
2.370000000000000000e+02
1.500000000000000000e+02
1.220000000000000000e+02
1.180000000000000000e+02
1.410000000000000000e+02
1.500000000000000000e+02
2.370000000000000000e+02
1.750000000000000000e+02
1.680000000000000000e+02
9.850000000000000000e+01
1.030000000000000000e+02
8.950000000000000000e+01
8.409999999999999432e+01
1.030000000000000000e+02
1.010000000000000000e+02
9.820000000000000284e+01
7.000000000000000000e+01
9.459999999999999432e+01
9.129999999999999716e+01
1.300000000000000000e+02
1.840000000000000000e+02
2.110000000000000000e+02
1.590000000000000000e+02
5.340000000000000000e+02
8.230000000000000000e+02
3.250000000000000000e+02
2.810000000000000000e+02
2.440000000000000000e+02
2.210000000000000000e+02
1.970000000000000000e+02
1.950000000000000000e+02
1.990000000000000000e+02
1.620000000000000000e+02
1.630000000000000000e+02
1.480000000000000000e+02
1.230000000000000000e+02
1.320000000000000000e+02
8.950000000000000000e+01
1.450000000000000000e+02
1.040000000000000000e+02
1.520000000000000000e+02
1.230000000000000000e+02
1.250000000000000000e+02
1.620000000000000000e+02
1.350000000000000000e+02
1.070000000000000000e+02
1.390000000000000000e+02
9.229999999999999716e+01
7.029999999999999716e+01
5.070000000000000284e+01
4.029999999999999716e+01
3.979999999999999716e+01
6.840000000000000568e+01
4.130000000000000000e+02
4.940000000000000000e+02
5.960000000000000000e+02
3.350000000000000000e+02
2.570000000000000000e+02
3.060000000000000000e+02
7.970000000000000000e+02
3.310000000000000000e+02
3.020000000000000000e+02
2.710000000000000000e+02
2.240000000000000000e+02
2.170000000000000000e+02
1.760000000000000000e+02
1.670000000000000000e+02
1.810000000000000000e+02
1.400000000000000000e+02
1.590000000000000000e+02
1.410000000000000000e+02
1.310000000000000000e+02
1.500000000000000000e+02
1.310000000000000000e+02
1.460000000000000000e+02
1.480000000000000000e+02
1.350000000000000000e+02
1.070000000000000000e+02
3.910000000000000142e+01
5.010000000000000142e+01
8.870000000000000284e+01
1.130000000000000000e+02
1.860000000000000000e+02
1.700000000000000000e+02
1.710000000000000000e+02
9.650000000000000000e+01
7.679999999999999716e+01
5.800000000000000000e+01
9.479999999999999716e+01
1.060000000000000000e+02
1.350000000000000000e+02
8.740000000000000568e+01
8.150000000000000000e+01
9.490000000000000568e+01
8.990000000000000568e+01
