7.431000000000000105e-02
6.521000000000000407e-02
1.151999999999999913e+00
1.415000000000000036e+00
1.368999999999999995e+00
1.165999999999999925e+00
9.062000000000000055e-01
2.362999999999999989e+00
8.820000000000000062e-01
4.744999999999999774e-01
2.682999999999999829e-01
1.552999999999999936e-01
9.127000000000000390e-02
1.255000000000000004e-01
1.005999999999999950e-01
8.340000000000000191e-02
6.597999999999999698e-02
4.975000000000000255e-02
3.519000000000000128e+00
4.253000000000000114e+00
4.299000000000000377e+00
3.633999999999999897e+00
2.782000000000000028e+00
1.983000000000000096e+00
1.340000000000000080e+00
8.673999999999999488e-01
5.429000000000000492e-01
3.307999999999999829e-01
1.975999999999999979e-01
1.164000000000000035e-01
6.826000000000000123e-02
4.028000000000000330e-02
2.418999999999999970e-02
1.494000000000000015e-02
9.695000000000000492e-03
6.492000000000000375e-03
4.564999999999999614e-03
3.542000000000000010e-03
1.838999999999999968e+00
2.424999999999999822e+00
2.612000000000000099e+00
2.383999999999999897e+00
1.943000000000000060e+00
1.455999999999999961e+00
1.024000000000000021e+00
7.089999999999999636e-01
4.519000000000000239e-01
2.817000000000000060e-01
1.713999999999999968e-01
1.024000000000000049e-01
6.054999999999999966e-02
3.574000000000000093e-02
2.129999999999999949e-02
2.449000000000000066e-01
3.300000000000000155e-01
3.309000000000000274e-01
1.340999999999999970e+00
5.169000000000000261e-01
3.065999999999999837e-01
1.922999999999999987e-01
1.223999999999999949e-01
8.097000000000000031e-02
1.657000000000000028e+00
8.850999999999999979e-01
7.481999999999999762e-01
6.461000000000000076e-01
5.334999999999999742e-01
4.153000000000000025e-01
6.467000000000000526e-01
7.899000000000000465e-01
1.272000000000000020e+00
1.058999999999999941e+00
9.756000000000000227e-01
8.429999999999999716e-01
6.775999999999999801e-01
5.120999999999999996e-01
3.680999999999999828e-01
2.540999999999999925e-01
1.701000000000000012e-01
1.111999999999999933e-01
7.166999999999999760e-02
4.621999999999999720e-02
3.013000000000000053e-02
2.011999999999999900e-02
1.395000000000000059e-02
1.298999999999999981e-02
1.089000000000000037e-02
9.020999999999999505e-03
7.281000000000000145e-03
5.882000000000000076e-03
4.852999999999999675e-03
2.360999999999999943e+01
2.492999999999999972e+01
2.410999999999999943e+01
2.133999999999999986e+01
1.710000000000000142e+01
1.271000000000000085e+01
8.910000000000000142e+00
5.963000000000000078e+00
3.839999999999999858e+00
2.394000000000000128e+00
1.453000000000000069e+00
1.070000000000000062e+00
3.423000000000000043e+00
3.423000000000000043e+00
3.117999999999999883e+00
4.548000000000000043e+00
3.540999999999999925e+00
2.867999999999999883e+00
2.214999999999999858e+00
2.596000000000000085e+00
2.266999999999999904e+00
1.762000000000000011e+00
1.276000000000000023e+00
8.793999999999999595e-01
5.836999999999999966e-01
3.774000000000000132e-01
2.505999999999999894e-01
1.549999999999999989e-01
3.196000000000000174e+00
1.774999999999999911e+00
1.441000000000000059e+00
1.171000000000000041e+00
1.189999999999999947e+00
1.151000000000000023e+00
9.920999999999999819e-01
7.754999999999999671e-01
5.635000000000000009e-01
1.493999999999999995e+00
1.407000000000000028e+00
1.348999999999999977e+00
1.155999999999999917e+00
9.051000000000000156e-01
6.621000000000000218e-01
4.598999999999999755e-01
3.074999999999999956e-01
2.003999999999999948e-01
1.288999999999999868e-01
8.304999999999999882e-02
5.448000000000000065e-02
3.694999999999999674e-02
2.639000000000000026e-02
1.991000000000000061e-02
1.593999999999999931e-02
1.332000000000000024e-02
1.157000000000000042e-02
1.026000000000000002e-02
9.294999999999999443e-03
2.395999999999999866e-02
1.763999999999999943e-02
1.669999999999999957e-02
1.503999999999999955e-02
1.299999999999999940e-02
1.098999999999999977e-02
9.268000000000000196e-03
7.799000000000000377e-03
6.675999999999999643e-03
5.812000000000000326e-03
5.147999999999999798e-03
4.650999999999999752e-03
4.256000000000000234e-03
3.937999999999999660e-03
3.710999999999999889e-03
3.444000000000000013e-03
3.217999999999999940e-03
2.968999999999999851e-03
2.756000000000000203e-03
2.625999999999999862e-03
2.464000000000000044e-03
2.259999999999999856e-03
2.044999999999999943e-03
1.962999999999999901e-03
1.830999999999999945e-03
1.742000000000000059e-03
1.628000000000000107e-03
1.603999999999999957e-03
1.433999999999999945e-03
1.467999999999999904e-03
1.435000000000000078e-03
1.420999999999999954e-03
1.345000000000000058e-03
1.309999999999999967e-03
1.217999999999999899e-03
1.149000000000000065e-03
1.128000000000000096e-03
1.059000000000000045e-03
1.021999999999999905e-03
9.527999999999999577e-04
9.328000000000000137e-04
8.289000000000000361e-04
7.577000000000000401e-04
7.707000000000000309e-04
7.548000000000000239e-04
6.384999999999999617e-04
5.360000000000000181e-04
5.668000000000000078e-04
5.731999999999999465e-04
5.659000000000000401e-04
5.174999999999999479e-04
5.462999999999999974e-04
5.379000000000000101e-04
4.752000000000000039e-04
4.920999999999999810e-04
4.582000000000000244e-04
4.442000000000000093e-04
4.352000000000000074e-04
4.079999999999999968e-04
3.163999999999999929e-04
3.215000000000000084e-04
2.334000000000000083e-04
2.212000000000000099e-04
2.222000000000000071e-04
2.508000000000000246e-04
2.555999999999999787e-04
2.287000000000000025e-04
2.425999999999999880e-04
2.684000000000000188e-04
3.050999999999999893e-04
3.048999999999999844e-04
3.008999999999999956e-04
3.085000000000000177e-04
3.123000000000000016e-04
3.223999999999999761e-04
3.226999999999999834e-04
3.091999999999999805e-04
2.940999999999999929e-04
2.683000000000000163e-04
2.503000000000000125e-04
2.159999999999999919e-04
1.726999999999999965e-04
1.659999999999999963e-04
1.214999999999999988e-04
1.295000000000000036e-04
9.951999999999999584e-05
1.224999999999999960e-04
1.184000000000000048e-04
1.205000000000000016e-04
1.465000000000000102e-04
1.007999999999999971e-04
1.017000000000000055e-04
9.843999999999999940e-05
1.049000000000000019e-04
9.951999999999999584e-05
1.100000000000000039e-04
8.990000000000000324e-05
9.629000000000000135e-05
7.161999999999999530e-05
6.391999999999999787e-05
7.216999999999999511e-05
7.187000000000000137e-05
6.281000000000000342e-05
1.771000000000000154e-05
2.555000000000000101e-06
1.838999999999999842e-05
1.246999999999999919e-05
2.360999999999999926e-05
4.077999999999999919e-05
4.370999999999999994e-05
6.731000000000000438e-05
8.103000000000000176e-05
4.432000000000000257e-05
4.691000000000000318e-05
1.741999999999999923e-05
1.121999999999999930e-05
2.176000000000000003e-06
2.148000000000000017e-06
2.120000000000000031e-06
2.092000000000000045e-06
2.065000000000000134e-06
2.037999999999999800e-06
2.010999999999999889e-06
1.985000000000000053e-06
1.959999999999999869e-06
1.934000000000000033e-06
1.909999999999999924e-06
1.884999999999999952e-06
1.861000000000000054e-06
1.836999999999999945e-06
1.813000000000000048e-06
1.790000000000000014e-06
1.766999999999999980e-06
1.745000000000000022e-06
1.723000000000000063e-06
1.701000000000000104e-06
1.680000000000000009e-06
1.658000000000000050e-06
1.636999999999999955e-06
1.616999999999999934e-06
1.596999999999999914e-06
1.577000000000000105e-06
1.557000000000000085e-06
1.537999999999999928e-06
1.517000000000000045e-06
1.498000000000000100e-06
1.478999999999999943e-06
1.461000000000000073e-06
5.341000000000000261e-03
1.013999999999999971e-02
1.195000000000000055e-02
1.137999999999999949e-02
9.414000000000000493e-03
7.041000000000000383e-03
4.880999999999999922e-03
3.093999999999999962e-03
1.871000000000000050e-03
1.044000000000000006e-03
5.050000000000000235e-04
1.517000000000000011e-04
1.247000000000000089e-06
1.232000000000000020e-06
1.216999999999999952e-06
1.202999999999999959e-06
1.188999999999999966e-06
1.174999999999999973e-06
1.160999999999999980e-06
1.146999999999999987e-06
1.134000000000000069e-06
1.120000000000000076e-06
1.106999999999999947e-06
1.094000000000000029e-06
1.081999999999999974e-06
1.069000000000000056e-06
1.057000000000000002e-06
1.044999999999999947e-06
1.033000000000000105e-06
1.021000000000000050e-06
1.008999999999999996e-06
9.975999999999999862e-07
9.861999999999999768e-07
9.750999999999999899e-07
9.641000000000000105e-07
9.532000000000000386e-07
9.424999999999999759e-07
9.320000000000000341e-07
9.215999999999999939e-07
9.112999999999999612e-07
9.012000000000000494e-07
8.913000000000000468e-07
8.815000000000000517e-07
8.717999999999999582e-07
8.622999999999999856e-07
8.529000000000000206e-07
8.435999999999999572e-07
5.913999999999999702e+00
9.967999999999999972e+00
7.993000000000000327e+00
7.113999999999999879e+00
5.883000000000000007e+00
4.543999999999999595e+00
3.311999999999999833e+00
2.298000000000000043e+00
1.530999999999999917e+00
9.872999999999999554e-01
6.856999999999999762e-01
4.742000000000000104e-01
3.090999999999999859e-01
2.033999999999999975e-01
1.343000000000000027e-01
8.977999999999999869e-02
6.128999999999999726e-02
4.311000000000000248e-02
3.169000000000000289e-02
2.426999999999999991e-02
1.941999999999999976e-02
1.610999999999999932e-02
1.383999999999999987e-02
1.212000000000000056e-02
1.069999999999999944e-02
9.535999999999999338e-03
2.813000000000000167e+00
3.137999999999999901e+00
8.830000000000000071e-01
3.617000000000000215e-01
1.559999999999999998e-01
8.801000000000000489e-02
3.951999999999999957e-02
2.205999999999999975e-02
1.442000000000000053e-02
2.334000000000000075e+00
4.692000000000000171e+00
7.381999999999999673e+00
7.980000000000000426e+00
7.225999999999999979e+00
5.972999999999999865e+00
4.612000000000000099e+00
3.383000000000000007e+00
2.371999999999999886e+00
1.598000000000000087e+00
1.040999999999999925e+00
6.594999999999999751e-01
4.589999999999999858e+00
3.011000000000000121e+00
9.548999999999999488e+00
7.575000000000000178e+00
6.623999999999999666e+00
5.391000000000000014e+00
4.107000000000000206e+00
2.958000000000000185e+00
2.031000000000000139e+00
1.340999999999999970e+00
8.582999999999999519e-01
5.362000000000000099e-01
3.299000000000000266e-01
2.021000000000000019e-01
1.248999999999999971e-01
7.908999999999999364e-02
1.058999999999999941e-01
5.598000000000000198e-02
4.297999999999999737e-02
3.475000000000000311e-02
2.853999999999999940e-02
2.367999999999999966e-02
1.975999999999999979e-02
1.652999999999999955e-02
2.461000000000000132e-01
1.869999999999999996e-01
1.597000000000000086e-01
1.257999999999999952e-01
9.343999999999999528e-02
6.682000000000000439e-02
4.703999999999999848e-02
1.070000000000000062e+00
6.417000000000000481e-01
7.648000000000000353e-01
5.000000000000000000e-01
3.687000000000000277e-01
2.646999999999999909e-01
1.844999999999999973e-01
1.257000000000000062e-01
8.487000000000000099e-02
6.776000000000000079e-02
4.177999999999999770e-02
2.920000000000000026e-02
2.164999999999999911e-02
1.672999999999999834e-02
1.352000000000000077e-02
1.131000000000000061e-02
9.927000000000000060e-03
8.621000000000000191e-03
7.527999999999999969e-03
2.240999999999999936e-02
1.614000000000000157e-02
1.514000000000000068e-02
1.349999999999999985e-02
1.137999999999999949e-02
4.949000000000000066e-01
6.980000000000000426e+00
3.931000000000000050e+00
3.136000000000000121e+00
2.431000000000000050e+00
1.788999999999999924e+00
1.252000000000000002e+00
8.505000000000000338e-01
5.474999999999999867e-01
3.467999999999999972e-01
2.212999999999999901e+01
2.196999999999999886e+01
2.162999999999999901e+01
1.869000000000000128e+01
1.450999999999999979e+01
1.046000000000000085e+01
7.136000000000000121e+00
4.666000000000000369e+00
2.947999999999999954e+00
1.812000000000000055e+00
1.090000000000000080e+00
6.461999999999999966e-01
3.803000000000000269e-01
2.247000000000000108e-01
1.350000000000000089e-01
8.397000000000000297e-02
5.509000000000000008e-02
9.108000000000000540e+00
9.246999999999999886e+00
9.050000000000000711e+00
7.692999999999999616e+00
5.935999999999999943e+00
4.270999999999999908e+00
2.912999999999999812e+00
1.905000000000000027e+00
1.205000000000000071e+00
7.429999999999999938e-01
1.744000000000000128e+01
1.105000000000000071e+01
2.000000000000000000e+01
1.646999999999999886e+01
1.399000000000000021e+01
1.373000000000000043e+01
1.016999999999999993e+01
1.273000000000000043e+01
1.135999999999999943e+01
9.907000000000000028e+00
7.572000000000000064e+00
1.298000000000000043e+01
1.015000000000000036e+01
8.521000000000000796e+00
6.761999999999999567e+00
5.128000000000000114e+00
3.705000000000000071e+00
2.568000000000000060e+00
1.719999999999999973e+00
1.120999999999999996e+00
7.177000000000000046e-01
4.556000000000000050e-01
2.169000000000000039e+00
1.328999999999999959e+00
1.068999999999999950e+00
2.423999999999999932e+00
2.767999999999999794e+00
1.496000000000000085e+01
5.328999999999999737e+00
3.040000000000000036e+00
1.870999999999999996e+00
1.183000000000000052e+00
7.533999999999999586e-01
4.794999999999999818e-01
3.054999999999999938e-01
1.965000000000000080e-01
1.292000000000000093e-01
8.810999999999999388e-02
8.125999999999999890e-01
1.074000000000000066e+00
1.098000000000000087e+00
9.778999999999999915e-01
8.192000000000000393e-01
1.362000000000000099e+00
1.659000000000000030e+00
3.690999999999999837e+00
5.560999999999999943e+00
4.649000000000000021e+00
4.038999999999999702e+00
3.431000000000000050e+00
2.533999999999999808e+00
1.818000000000000060e+00
1.252000000000000002e+00
8.344000000000000306e-01
5.434999999999999831e-01
3.502000000000000113e-01
2.262000000000000122e-01
1.487999999999999878e-01
1.014000000000000040e-01
7.238999999999999602e-02
5.471000000000000169e-02
4.363999999999999824e-02
3.644000000000000017e-02
3.155999999999999778e-02
2.796999999999999834e-02
2.528000000000000039e-02
2.312000000000000166e-02
2.125000000000000153e-02
1.960999999999999896e-02
1.816999999999999865e-02
1.694000000000000020e-02
1.576999999999999930e-02
1.481999999999999984e-02
1.363999999999999935e-02
1.285000000000000031e-02
6.490999999999999659e+00
7.995000000000000107e+00
7.309999999999999609e+00
5.921999999999999709e+00
4.461999999999999744e+00
3.185000000000000053e+00
2.173999999999999932e+00
1.427999999999999936e+00
9.091000000000000192e-01
5.643000000000000238e-01
3.439999999999999725e-01
2.078000000000000125e-01
1.257999999999999952e-01
7.753000000000000169e-02
4.950999999999999845e-02
3.330000000000000321e-02
2.401000000000000009e-02
1.853000000000000133e-02
1.519999999999999997e-02
1.310000000000000053e-02
1.169000000000000074e-02
1.060999999999999964e-02
9.815000000000000807e-03
9.121999999999999900e-03
8.522999999999999327e-03
8.026999999999999413e-03
7.544000000000000358e-03
7.152999999999999636e-03
6.803000000000000019e-03
6.427000000000000421e-03
6.099000000000000254e-03
5.792000000000000273e-03
5.529000000000000060e-03
5.296000000000000360e-03
5.047000000000000271e-03
4.786999999999999589e-03
4.579999999999999870e-03
4.400000000000000265e-03
4.211000000000000333e-03
4.062999999999999771e-03
3.911000000000000414e-03
3.756999999999999923e-03
3.589000000000000176e-03
3.467000000000000030e-03
3.356000000000000042e-03
3.207000000000000215e-03
3.099000000000000192e-03
2.991999999999999868e-03
2.889000000000000075e-03
2.801999999999999803e-03
2.688999999999999984e-03
2.608000000000000075e-03
2.527000000000000166e-03
2.471999999999999805e-03
2.377999999999999906e-03
2.292000000000000200e-03
2.213000000000000123e-03
2.165999999999999957e-03
2.118000000000000091e-03
2.054999999999999969e-03
1.984999999999999785e-03
1.923000000000000013e-03
1.856000000000000011e-03
1.794999999999999938e-03
1.691999999999999928e-03
1.624999999999999925e-03
1.547999999999999897e-03
1.528999999999999977e-03
1.536000000000000039e-03
1.533999999999999990e-03
1.503999999999999912e-03
1.484999999999999992e-03
1.461999999999999975e-03
1.428999999999999932e-03
1.356999999999999916e-03
1.324000000000000090e-03
1.263000000000000017e-03
1.260000000000000052e-03
1.227000000000000009e-03
1.206999999999999957e-03
1.211999999999999970e-03
1.183000000000000024e-03
1.147999999999999932e-03
1.095999999999999969e-03
1.072999999999999952e-03
1.015999999999999976e-03
9.951999999999999041e-04
9.669999999999999776e-04
9.696000000000000408e-04
9.278999999999999488e-04
9.305000000000000120e-04
8.325999999999999634e-04
8.228000000000000504e-04
7.931000000000000332e-04
7.967000000000000123e-04
7.816999999999999730e-04
7.971000000000000221e-04
7.806000000000000005e-04
7.272999999999999517e-04
6.878000000000000216e-04
6.143999999999999722e-04
6.153000000000000483e-04
5.900000000000000296e-04
4.595000000000000018e-04
4.233999999999999916e-04
1.071000000000000008e-01
2.268999999999999836e-02
1.048999999999999932e-02
6.045000000000000026e-03
4.089999999999999886e-03
3.072000000000000078e-03
2.464000000000000044e-03
1.889000000000000054e-03
1.592000000000000099e-03
1.206000000000000041e-03
1.062999999999999926e-03
9.711000000000000231e-04
9.338000000000000380e-04
8.237999999999999663e-04
7.179000000000000485e-04
6.535999999999999492e-04
6.141999999999999673e-04
5.829000000000000197e-04
5.582000000000000156e-04
4.836999999999999937e-04
3.616000000000000074e-04
3.031999999999999973e-04
2.990000000000000036e-04
3.491999999999999770e-04
3.553000000000000169e-04
3.338999999999999846e-04
3.280000000000000038e-04
3.171000000000000099e-04
2.896999999999999944e-04
2.414999999999999883e-04
1.878999999999999865e-04
1.846999999999999901e-04
1.821000000000000082e-04
1.797000000000000040e-04
1.772999999999999999e-04
1.749999999999999982e-04
1.727999999999999990e-04
1.018999999999999941e-02
1.817999999999999955e-03
7.701000000000000163e-04
3.682000000000000051e-04
1.667999999999999886e-04
1.648999999999999967e-04
1.629000000000000023e-04
1.611000000000000127e-04
1.591999999999999936e-04
9.546000000000000318e-02
1.084999999999999992e-01
1.033000000000000029e-01
8.780000000000000304e-02
6.890999999999999903e-02
5.109999999999999959e-02
3.631000000000000200e-02
2.494000000000000036e-02
1.697999999999999857e-02
1.158000000000000002e-02
7.849999999999999339e-03
5.533999999999999857e-03
4.026000000000000065e-03
3.017999999999999849e-03
1.247000000000000018e-02
3.644999999999999803e-03
1.256999999999999958e-02
3.915000000000000077e-03
2.707999999999999904e-03
2.155999999999999930e-03
2.184000000000000108e-01
2.967000000000000082e+00
1.941000000000000059e+00
1.709999999999999964e+00
1.421999999999999931e+00
1.102999999999999980e+00
8.051000000000000378e-01
5.586999999999999744e-01
3.729000000000000092e-01
2.417999999999999872e-01
1.539000000000000090e-01
9.740999999999999659e-02
6.201000000000000262e-02
4.048999999999999821e-02
3.068000000000000060e+00
1.383999999999999897e+00
1.012000000000000011e+00
7.634999999999999565e-01
5.613000000000000211e-01
3.970000000000000195e-01
2.706999999999999962e-01
1.791999999999999982e-01
9.379999999999999449e-01
3.689999999999999947e-01
2.278999999999999915e-01
1.497999999999999887e-01
1.005999999999999950e-01
6.839000000000000634e-02
4.678000000000000214e-02
3.259999999999999704e-02
2.326999999999999902e-02
1.725000000000000144e-02
1.333999999999999943e-02
1.068000000000000026e-02
8.713999999999999524e-03
7.419000000000000247e-03
6.466000000000000393e-03
1.822999999999999954e+00
2.577999999999999847e+00
2.648000000000000131e+00
2.278999999999999915e+00
1.752999999999999892e+00
1.247999999999999998e+00
8.397000000000000020e-01
5.412000000000000144e-01
3.892999999999999794e-01
2.192000000000000060e-01
1.310999999999999943e-01
1.024000000000000049e-01
9.787999999999999479e-02
2.852999999999999980e-01
4.908000000000000140e-01
9.574000000000000288e-01
2.797000000000000153e+00
1.772999999999999909e+00
1.469000000000000083e+00
1.177000000000000046e+00
8.801999999999999602e+00
6.115000000000000213e+00
5.331999999999999851e+00
4.387999999999999901e+00
5.081000000000000405e+00
5.269000000000000128e+00
4.958999999999999631e+00
4.264999999999999680e+00
3.395999999999999908e+00
2.533999999999999808e+00
1.790999999999999925e+00
1.209999999999999964e+00
7.895999999999999686e-01
5.016000000000000458e-01
2.060000000000000053e+00
